5 3 1 2
14 6 8 3 5 7 4 2 1
5 4 2 1 3
5 1 4 2 3
7 5 6 1 3 2 4
13 2 5 10 6 7 4 9 3 8 1
12 6 3 7 2 4 5 8 1
11 3 2 1
6 3 2 4 1
6 1 2 3 5 4
16 13 10 12 6 7 3 11 1 8 4 9 5 14 2
8 7 5 8 6 2 3 1 4
7 4 1 2 3
12 2 3 1 4
8 3 1 5 4 2
12 7 8 1 6 4 2 9 10 3 11 5
16 7 5 4 2 6 3 1
3 3 2 1
10 3 2 4 1
13 3 2 8 1 4 7 6 5
9 2 5 6 1 4 3
14 1 2 3
16 8 4 1 6 11 7 3 10 9 5 2
10 4 8 6 1 3 2 5 7
13 1 2 3 4 5 6 7 8
13 4 2 6 1 3 5 11 10 7 8 9 12
4 2 3 4 1
10 5 4 6 3 2 1 7
14 4 5 7 6 3 2 8 1
12 3 2 7 4 6 5 1
14 5 2 3 1 4
13 6 1 4 7 3 2 5
9 5 7 6 8 2 9 1 3 4
10 8 10 3 2 7 5 4 9 6 1
3 2 1 3
15 3 9 12 11 4 1 6 10 2 5 8 7
5 3 1 2
3 3 2 1
5 1 3 4 5 2
7 1 4 3 2 5
14 4 5 1 7 8 12 3 11 10 6 2 9
13 9 10 5 1 7 4 3 11 8 6 2
11 2 1 3
15 6 10 3 4 11 7 1 8 2 9 5
10 3 1 2
12 9 2 5 12 3 7 6 4 10 1 11 8
10 1 2 3
5 3 2 1
5 3 4 2 1 5
15 3 8 10 7 1 5 6 4 2 9
