34 5 3 13
1197 14 8 8080
0 5 4 15
0 5 4 15
1 7 6 63
302 13 10 4088
88 12 8 2028
11 11 3 504
0 6 4 29
0 6 5 31
14565 16 14 32765
1 8 8 128
0 7 4 56
24 12 4 1490
0 8 5 120
35 12 11 2047
12878 16 7 31489
0 3 3 4
2 10 4 401
142 13 8 4048
1 9 6 248
159 14 3 3136
13660 16 11 32720
7 10 8 509
164 13 8 4048
174 13 12 4095
0 4 4 8
6 10 7 504
644 14 8 8080
34 12 7 2000
508 14 5 6930
137 13 7 3984
1 9 9 256
6 10 10 512
0 3 3 4
2940 15 12 16376
0 5 3 13
0 3 3 4
0 5 5 16
0 7 5 61
646 14 12 8189
144 13 11 4093
6 11 3 504
2886 15 11 16364
1 10 3 274
33 12 12 2048
0 10 3 274
0 5 3 13
0 5 5 16
2949 15 10 16336
