E 9 1 6 1 8 10 7 6 1 6 3 10 2 8 4 3 5 2 9
E 12 9 8 9 4 8 3 2 9 1 6 9 5 4 1 6 2 1 7
E 27 7 15 10 17 8 3 8 2 10 8 2 11 3 1 10 14 2 4 10 6 7 9 9 10 5 16 2 13 8 5 2 7 9 12
E 25 8 11 9 2 10 14 9 12 6 8 4 4 10 7 3 19 2 10 10 16 5 15 4 6 1 3 7 9 4 17 2 13 9 5 1 20 1 1 10 18
E 12 5 8 5 7 10 2 9 4 9 3 9 1 4 5 3 6
E 7 3 6 9 1 1 3 2 4 4 5 2 2
E 29 10 6 1 5 1 12 6 4 8 2 7 3 2 15 3 7 10 11 10 13 1 14 8 10 1 8 6 9 7 1 7 16
E 12 6 3 10 1 8 2
E 22 6 2 7 4 3 3 5 1 7 5
E 20 7 8 6 1 10 3 5 6 4 4 9 7 6 5 4 9 3 2
E 19 8 12 8 10 4 16 5 1 6 2 5 3 1 15 5 5 3 8 8 7 3 11 1 13 3 9 9 4 9 14 3 6
E 26 7 1 4 6 5 5 1 2 10 4 4 3
E 10 9 2 8 1 7 3
E 7 7 4 4 5 7 1 6 2 1 6 3 3
E 19 7 8 4 5 3 7 2 4 9 6 7 3 4 1 5 2
E 15 3 3 7 1 10 2
E 7 8 3 7 2 4 5 4 1 10 6 5 4
E 13 5 3 10 4 7 2 1 1
E 28 5 12 2 22 5 23 2 20 4 21 6 7 9 4 2 18 10 19 6 15 5 17 6 5 1 1 3 10 5 24 1 6 4 11 1 9 8 3 3 8 4 13 6 16 4 2 7 14
E 14 6 6 1 1 3 7 2 2 9 3 6 4 10 5
E 22 2 8 6 6 10 10 2 3 5 2 2 7 9 9 9 1 6 11 3 4 1 5
E 14 3 1 9 3 2 2 7 4
E 26 10 4 7 1 5 2 1 3
E 11 4 5 3 1 10 8 3 3 10 2 6 7 7 4 7 6
E 15 2 3 8 7 1 5 5 2 6 4 2 6 1 1
E 29 9 4 10 7 1 3 6 20 9 26 3 24 7 14 5 23 4 16 6 9 7 11 5 17 2 1 8 8 9 22 3 10 7 15 3 2 8 21 8 27 7 13 2 12 4 18 8 6 4 5 4 19 5 25 4 28
E 10 9 1 6 5 8 4 7 3 4 2
E 27 4 3 2 9 7 2 3 8 10 4 3 6 10 10 2 5 9 1 4 11 9 7
E 28 7 5 8 13 10 7 2 3 9 21 4 10 9 14 8 16 3 9 3 11 2 18 4 8 10 20 5 19 5 2 9 12 10 4 5 15 8 22 4 6 3 1 9 17
E 10 2 6 1 4 9 7 5 1 4 2 3 5 3 3
E 9 3 9 10 8 4 2 4 3 9 5 7 4 7 7 3 1 10 6
E 22 8 13 9 5 4 10 3 12 6 6 2 2 7 4 10 9 8 1 4 3 7 7 2 8 10 11
E 25 1 3 7 2 1 1
E 26 2 7 1 1 9 5 2 2 1 6 2 10 2 9 7 4 6 13 1 11 7 3 4 12 3 8
E 28 8 14 6 19 7 12 7 7 2 1 5 20 2 8 9 4 7 17 1 11 9 9 6 5 6 13 9 6 7 3 1 16 6 2 10 10 9 15 4 18 2 21
E 23 4 1 1 2 7 3 5 5 4 4
E 18 1 9 8 12 4 10 4 3 9 2 1 8 1 11 6 1 1 6 4 5 2 7 5 4
E 10 5 4 1 1 4 2 4 3
E 23 9 16 9 12 8 2 4 9 5 4 3 6 3 10 2 8 10 1 1 3 5 7 3 15 7 11 10 13 9 5 3 14
E 19 3 11 5 10 6 3 4 2 1 5 1 1 3 13 4 7 5 4 9 9 6 8 4 12 8 6
E 14 9 11 9 8 2 4 9 9 10 5 6 13 10 7 10 12 9 10 3 14 9 3 9 2 8 1 2 6
E 27 9 9 8 6 2 2 7 3 7 4 1 5 9 8 10 7 5 1
E 5 8 1 10 2 2 3
E 20 9 5 10 8 1 1 6 9 3 6 9 3 3 7 3 4 9 2
E 9 9 2 2 3 2 1 8 4
E 20 3 2 6 8 3 4 10 6 2 3 6 1 3 7 3 5
E 18 3 16 1 11 8 12 1 3 7 8 5 13 3 7 5 15 1 14 5 1 8 6 8 5 4 10 5 2 4 4 7 9
E 18 5 3 7 5 2 8 4 2 7 11 3 7 9 14 9 9 5 6 2 1 3 13 2 4 4 10 8 12
E 20 7 17 2 10 3 1 1 7 7 9 10 3 3 4 8 18 5 11 7 2 7 8 10 12 9 15 10 14 2 13 3 16 6 5 9 6
E 15 2 6 1 5 3 3 2 2 10 4 7 1
E 8 6 5 3 4 9 1 6 3 8 6 4 2
E 7 9 1 3 3 5 2 7 5 7 4
E 28 6 10 6 20 5 16 9 1 1 11 7 23 4 8 7 7 4 15 6 19 10 9 7 22 7 14 10 21 10 2 5 12 2 24 1 18 1 17 1 4 6 5 1 3 4 13 7 6
E 19 6 4 4 8 6 11 4 6 5 14 9 13 4 1 5 15 1 3 2 9 9 5 2 12 9 10 7 7 5 2
E 12 1 1 3 5 2 2 10 3 2 4
E 17 8 8 4 4 6 9 6 10 7 3 8 6 3 11 6 5 6 7 6 2 8 1
E 23 3 15 2 14 10 9 5 12 8 4 5 8 2 1 1 13 1 10 2 2 5 7 8 5 8 11 4 17 2 16 4 18 5 3 10 6
E 26 8 10 9 4 2 5 9 14 6 19 6 18 10 6 10 2 4 17 5 20 4 16 4 9 8 15 7 13 3 12 6 1 5 8 10 3 6 11 1 7 4 21
E 15 2 3 8 1 8 2
E 24 10 7 1 6 2 1 5 5 3 3 7 8 2 4 1 2
E 10 4 8 3 2 7 5 2 4 2 3 2 1 2 7 2 6
E 15 4 4 7 2 8 3 4 5 9 6 5 1
E 18 8 7 10 9 2 2 2 8 5 3 1 12 2 1 10 11 7 5 9 10 5 6 1 4
E 6 8 3 6 4 3 1 10 2
E 17 10 13 1 14 5 3 4 1 6 5 10 6 10 4 9 2 8 7 7 16 6 10 2 11 7 15 7 8 5 12 4 9
E 28 10 8 10 12 9 2 9 9 5 10 7 6 3 5 6 7 5 16 4 13 4 3 4 18 3 17 6 4 10 1 8 11 3 14 5 15
E 17 4 7 1 16 9 5 4 17 7 2 6 9 3 1 9 15 10 13 3 6 4 14 7 11 10 8 10 10 8 4 3 12 5 3
E 10 2 1 3 5 1 3 6 6 1 2 10 4
E 17 6 8 9 12 10 9 1 7 3 10 3 3 9 2 8 4 10 11 1 6 9 1 1 5 3 14 1 13
E 8 3 6 4 1 10 5 5 4 4 3 4 2
E 29 2 4 3 3 10 8 5 6 6 10 8 1 2 2 6 9 5 5 4 7
E 26 5 8 3 1 10 5 7 18 4 6 7 7 3 10 3 2 2 16 2 19 2 9 3 15 3 14 8 4 3 12 8 3 6 11 10 17 10 13
E 11 7 5 3 7 10 4 3 6 2 2 1 3 9 9 10 8 7 1
E 6 8 3 2 5 5 6 4 1 8 4 7 2
E 13 5 6 4 4 5 2 10 5 5 8 10 7 2 10 7 9 3 11 2 1 2 12 5 3
E 29 6 9 8 4 2 11 4 3 6 5 7 10 5 8 3 2 8 7 7 6 3 1
E 25 1 13 4 20 4 10 4 25 8 12 9 4 9 9 6 15 10 3 7 21 7 23 10 17 6 2 7 6 8 5 4 8 8 7 4 11 5 24 2 22 6 18 5 16 10 1 6 14 6 19
E 25 8 3 2 4 2 2 4 1
E 23 6 5 3 7 8 4 6 2 2 6 2 3 2 1
E 23 2 3 2 4 10 1 1 2
E 29 4 2 2 9 3 8 4 5 8 6 3 1 9 3 3 7 10 4
E 5 4 1 3 2 3 4 7 3
E 17 8 10 4 7 3 9 3 4 9 1 6 6 3 5 8 3 6 8 3 2
E 7 1 4 5 3 8 2 9 1
E 28 1 7 1 17 3 8 7 2 8 5 6 1 9 6 2 23 2 12 6 16 9 22 9 4 9 14 2 18 3 11 5 9 8 15 2 3 9 10 5 21 3 19 4 13 8 20
E 29 1 7 6 5 2 15 1 22 3 23 4 3 10 16 7 18 2 20 10 11 8 14 5 10 5 4 1 8 1 2 8 13 7 12 7 6 3 24 9 19 5 21 9 9 1 1 1 25 5 17
E 19 2 13 3 16 2 2 9 11 8 10 7 17 4 7 4 9 10 3 5 6 10 15 4 12 10 1 3 5 10 18 9 14 3 8 2 4
E 14 9 4 1 5 3 3 6 6 4 2 2 1
E 6 5 2 5 3 3 1
E 19 8 9 2 1 2 2 8 7 8 4 7 3 6 6 1 8 7 11 9 10 2 5
E 6 4 4 4 2 10 3 9 1 1 5
E 28 1 20 1 18 10 6 8 22 6 4 1 12 8 10 9 13 7 1 4 7 1 5 6 21 1 8 5 3 10 19 9 2 6 11 10 14 9 16 2 17 6 9 9 15
E 20 6 1 3 3 6 2 3 5 9 4 10 6
E 15 6 9 1 3 5 6 7 4 5 8 4 5 9 11 9 1 8 2 5 12 2 10 8 7
E 19 1 4 8 5 2 3 5 1 5 6 9 2
E 14 5 1 9 3 3 2
E 7 10 3 5 1 7 4 6 2
E 28 5 10 2 12 3 4 2 6 4 13 3 17 7 2 6 9 9 20 2 14 4 11 6 15 2 1 9 8 5 5 7 3 9 18 4 19 6 7 8 16 4 21
E 18 6 8 3 12 1 13 10 11 7 14 7 5 6 1 8 2 7 7 1 10 6 3 7 6 3 4 10 9
E 10 1 6 4 2 5 1 5 3 5 5 5 4
