279 11 3 504
17139 18 7 124946
1576 14 9 8144
6 7 6 63
169 11 7 1004
15 8 7 127
732 13 9 4076
36 9 6 248
6614 16 10 32656
155 11 5 912
3109 15 8 16128
354 12 9 2040
39 10 3 274
119 11 4 773
7 7 5 61
50766 19 17 262141
25852 18 16 131069
33 10 3 274
1840 15 5 13624
6394 16 11 32720
1351 14 8 8080
2 6 4 29
35 9 9 256
756 13 13 4096
41470 19 10 260864
634 13 5 3525
17 8 8 128
1588 14 14 8192
7 7 7 64
9 8 3 81
71 10 8 509
78 10 8 509
6237 18 3 35890
11611 17 8 64256
19432 18 5 103519
7 7 7 64
23474 18 6 117920
6671 16 14 32765
27145 18 15 131064
1553 14 11 8184
3317 17 3 19513
2 6 4 29
1582 14 11 8184
1 5 4 15
6129 16 8 32192
20 9 3 149
30 9 4 208
30 9 4 208
29 9 4 208
7 7 4 56
342 12 7 2000
727 13 11 4093
11774 17 10 65280
13402 17 11 65424
86 10 9 511
2882 15 15 16384
935 15 3 5768
1439 14 14 8192
179 11 7 1004
745 13 8 4048
79 10 10 512
2896 15 8 16128
15 8 8 128
756 13 8 4048
25118 19 4 147312
179 11 10 1023
17 8 6 125
1 5 4 15
192 11 10 1023
39 9 9 256
528 14 3 3136
1495 14 9 8144
77 10 8 509
12225 17 8 64256
42814 19 6 233904
18 8 8 128
37 10 3 274
258 12 4 1490
496 14 3 3136
22998 18 13 131024
44160 19 6 233904
5 7 3 44
6 7 4 56
16 8 8 128
49158 19 18 262143
38 9 7 253
169 11 7 1004
2 6 6 32
82 10 8 509
5 7 4 56
1 5 3 13
15 8 8 128
347 12 11 2047
134 11 4 773
6622 16 10 32656
80 10 8 509
1733 15 4 10671
51914 19 15 262124
1 5 4 15
47422 19 14 262096
