M 5 2 4 3 1 9 3 4 2
M 13 3 6 4 4 8 9 2 5 8 7 3 1 10 10 1 8 7 2 9 3
M 10 1 6 7 1 9 3 8 2 3 4 10 5
M 5 8 2 5 1 8 3
M 15 1 2 9 3 8 1 4 4
M 9 2 2 2 4 1 3 2 1 10 5
M 11 10 3 9 4 10 7 9 6 1 5 10 1 10 9 2 2 7 8
M 13 3 12 4 8 5 5 2 11 10 3 7 1 6 7 7 2 10 4 5 10 10 9 8 6 -8 10
M 7 2 1 2 4 10 2 9 3 9 5
M 9 8 5 6 7 10 3 7 2 6 1 8 6 10 8 9 4
M 10 6 1 9 4 8 6 3 2 1 3 9 5
M 6 5 4 9 3 5 2 7 6 7 1 5 5
M 15 4 7 6 10 6 11 3 9 5 12 8 4 9 5 4 2 6 6 4 1 4 8 6 3 -1 3 -7 4
M 6 2 4 5 3 8 2 4 1
M 6 10 1 1 4 10 2 6 3
M 14 9 3 7 1 7 5 8 7 8 6 6 2 10 4
M 18 3 8 4 9 9 14 6 4 2 1 5 12 1 2 10 11 10 7 9 10 6 3 7 5 4 13 6 6
M 15 9 11 4 7 5 4 6 5 6 9 2 8 5 3 4 10 1 2 5 1 7 6
M 11 7 6 10 7 3 3 5 5 10 2 10 1 5 4
M 11 10 5 4 1 1 4 3 3 2 2
M 18 8 5 9 3 5 2 9 1 2 4 -8 2
M 5 3 1 1 3 8 2 10 4
M 18 1 1 9 3 8 2
M 17 8 7 4 8 10 5 10 11 8 1 4 10 3 6 7 2 10 9 7 3 3 12 1 4 -2 4
M 9 2 4 8 6 8 2 3 5 5 3 8 7 8 9 7 8 1 1
M 12 9 3 6 1 9 2
M 9 5 4 3 3 7 2 6 5 3 1 3 7 7 6
M 11 3 9 8 7 8 10 8 11 8 4 5 5 1 6 2 8 4 2 4 3 4 1
M 13 6 3 3 2 4 6 9 7 3 8 2 5 3 9 10 1 1 4
M 11 4 1 9 3 1 2
M 6 4 4 6 3 10 2 4 1
M 15 4 6 3 13 9 1 2 9 7 2 7 10 3 4 9 12 7 7 8 8 2 3 1 5 3 11 5 14 -8 5 -5 13
M 11 1 4 3 6 10 5 4 3 3 2 2 1
M 7 8 6 10 3 1 7 8 1 10 2 1 4 1 5
M 12 3 1 8 3 9 2 -5 2
M 9 7 5 7 3 6 7 2 2 4 6 1 1 10 4
M 14 7 3 4 5 9 2 9 1 8 4 -9 2
M 8 8 1 4 6 5 5 5 3 2 2 4 4
M 11 8 1 9 3 2 2 7 4
M 16 5 3 7 7 8 2 5 11 4 12 2 10 3 9 10 4 9 6 4 13 10 5 4 8 3 1 -7 5 -6 10
M 9 10 3 3 5 4 6 1 4 4 7 5 8 10 1 10 2
M 17 3 7 9 11 2 8 5 14 3 10 6 13 5 9 4 4 2 5 7 3 7 12 5 1 7 2 8 6
M 13 6 2 1 1 8 3
M 18 5 1 10 2 5 3
M 18 4 5 5 1 1 8 5 4 9 7 4 2 4 6 3 3
M 8 2 2 1 1 6 6 8 5 10 3 7 4
M 5 6 1 3 3 5 2
M 11 8 5 7 1 8 8 5 6 7 2 1 7 6 4 8 10 7 3 3 9 7 11
M 13 4 2 8 11 10 10 10 7 4 3 2 4 7 8 1 5 7 6 7 9 10 1
M 5 10 1 6 3 5 4 1 2
M 7 3 3 4 2 3 1 3 5 7 4
M 12 3 2 2 1 5 3
M 17 4 3 10 1 8 5 8 6 5 7 10 4 7 2
M 11 8 6 7 5 8 4 10 1 3 8 2 3 5 9 6 7 7 2
M 19 4 7 9 17 8 14 10 5 3 11 9 12 9 3 6 13 10 1 10 16 1 6 9 10 8 2 6 4 10 9 10 15 3 8 3 18 -4 1 -9 3
M 17 7 2 1 1 3 3
M 19 8 1 9 11 9 3 7 5 3 7 5 6 4 8 4 9 9 10 6 2 2 4 7 13 10 12 -3 9
M 11 7 1 7 8 1 3 3 4 9 2 5 10 7 6 4 7 8 5 4 9 -5 6
M 9 7 2 2 1 9 4 1 3 7 5
M 9 1 1 9 3 10 4 1 2
M 5 2 3 4 2 3 1 8 4 10 5
M 17 9 4 6 2 1 1 5 5 2 3
M 13 10 5 6 4 10 7 3 2 9 9 5 8 2 11 7 10 9 3 8 1 8 13 6 12 2 6
M 6 1 1 8 2 3 3
M 17 4 8 5 9 4 7 9 3 7 1 9 5 10 6 7 12 9 11 9 10 3 4 1 2 -2 0
M 17 7 4 9 1 3 7 1 6 1 8 7 2 2 9 5 5 4 3
M 18 3 14 9 9 4 11 9 12 10 6 8 16 6 3 5 8 1 2 2 7 9 15 8 5 1 4 3 13 7 1 8 17 1 10 -1 6 -5 15
M 18 6 12 3 9 3 5 8 7 2 13 1 6 1 14 4 2 6 8 2 1 2 4 6 3 10 10 8 11 -5 7
M 14 5 11 1 6 4 9 7 3 10 5 8 2 6 1 3 10 7 8 3 4 5 7
M 5 8 2 10 5 8 1 7 3 6 4
M 16 8 10 9 9 9 12 10 5 6 8 3 6 5 3 5 1 5 7 7 4 2 2 9 11 -4 7
M 8 5 2 6 3 3 4 1 5 7 1 9 6
M 6 2 4 10 3 9 1 10 2 2 5
M 10 10 4 10 6 8 9 5 5 8 1 7 3 2 2 1 7 10 8 -5 1
M 18 8 14 4 8 8 9 6 10 3 5 1 2 3 11 7 6 10 12 7 4 3 13 9 3 1 7 6 1
M 5 10 3 4 4 9 2 6 1 3 5
M 17 3 1 9 2 7 3 5 4 -10 1
M 12 1 11 4 10 7 2 10 5 8 7 1 9 9 4 1 6 1 3 2 8 6 1
M 17 5 5 8 1 6 4 5 6 3 2 6 7 3 3
M 16 8 7 4 5 1 1 4 6 4 4 7 10 10 3 10 8 10 2 1 9 -10 1
M 17 7 10 4 16 8 14 3 1 1 12 6 7 4 5 7 4 7 11 9 15 2 8 8 6 9 13 9 2 6 9 2 3 -4 1 -1 6
M 8 1 3 9 2 8 1
M 8 5 1 8 2 8 3 2 4
M 6 5 3 1 1 2 2 10 4 7 6 8 5
M 6 1 3 3 2 5 1 3 4
M 5 1 4 1 2 3 3 7 1
M 12 3 10 8 1 2 11 8 6 2 2 4 7 6 8 7 5 6 9 10 4 7 3
M 9 6 4 7 6 2 1 7 5 4 3 4 2
M 8 1 2 3 1 10 3
M 6 10 4 3 2 5 1 3 3 10 5
M 8 5 5 10 3 9 4 5 2 8 1
M 6 10 5 2 6 2 2 10 1 4 3 6 4
M 9 3 6 5 3 1 5 9 2 7 4 3 1
M 11 9 5 7 4 6 10 8 1 8 9 7 8 8 3 7 6 1 7 7 2 -9 2
M 11 5 5 4 3 3 1 5 6 4 4 4 2 5 7 -1 1
M 8 5 2 4 3 9 4 8 1
M 15 5 6 7 7 1 2 2 9 8 5 7 8 7 1 4 4 2 3
M 6 6 1 2 2 9 3
M 9 1 4 10 7 7 6 8 5 2 3 4 1 3 2
M 7 7 1 2 5 2 4 3 3 1 2 2 6
