1 5 4 0
3 13 10 0
0 10 6 0
0 5 3 0
2 15 4 0
0 9 5 0
0 11 9 0
3 13 12 0
0 7 5 0
0 9 8 0
0 10 6 0
0 6 6 0
12 15 12 0
0 6 4 0
0 6 4 0
3 14 7 0
66 18 14 0
4 15 11 0
1 11 7 0
0 11 5 0
9 18 5 0
0 5 4 0
2 18 3 0
18 17 12 0
0 9 9 0
0 12 3 0
1 9 7 0
0 11 11 0
1 13 9 0
0 11 3 0
0 6 4 0
4 15 14 0
0 11 6 0
0 7 7 0
0 12 3 0
0 9 7 0
0 14 5 0
0 8 6 0
0 11 4 0
7 16 13 0
0 9 8 0
14 17 14 0
0 13 3 0
3 18 3 0
18 18 8 0
0 8 6 0
0 5 3 0
1 11 11 0
1 13 11 0
0 5 4 0
0 7 5 0
0 12 3 0
6 17 7 0
0 11 9 0
93 19 18 0
1 17 3 0
66 19 13 0
0 11 10 0
0 9 5 0
0 9 4 0
0 5 5 0
4 17 5 0
1 13 13 0
0 6 3 0
14 17 12 0
9 17 9 0
41 18 17 0
32 18 14 0
1 14 11 0
0 5 5 0
7 16 12 0
0 8 6 0
0 6 5 0
0 10 9 0
33 18 14 0
0 5 5 0
2 17 4 0
1 12 11 0
6 17 7 0
6 16 10 0
32 17 16 0
0 8 3 0
0 8 4 0
0 6 6 0
0 6 4 0
0 5 4 0
0 12 11 0
0 9 6 0
0 8 3 0
0 6 5 0
0 8 5 0
0 6 6 0
1 9 6 0
0 11 10 0
0 11 7 0
0 8 4 0
4 15 9 0
0 6 3 0
0 9 7 0
0 7 6 0
