1514664 7 1 63
2748440 25 163 2625
30025 10 6 175
1325035 35 435 7175
1567602 35 368 7175
726123 25 155 2625
3811155 33 407 6017
2623996 40 515 10700
53334 10 6 175
989628 28 263 3682
116938 14 41 469
207407 18 55 987
542419 25 149 2625
31210 9 4 129
838714 28 226 3682
5136 3 0 7
30025 9 2 129
1467257 33 405 6017
1562862 35 381 7175
8297 4 0 14
46222 11 10 231
526222 24 136 2324
4346 2 0 3
926419 27 263 3303
3950 1 0 1
14618 6 3 41
1016888 29 197 4089
7901 3 0 7
998319 32 290 5488
429826 22 93 1793
1233381 35 468 7175
1694812 39 677 9919
22519 8 8 92
1210467 35 525 7175
1133035 35 357 7175
8296 4 0 14
38716 11 14 231
456691 26 190 2951
457876 25 178 2625
2597922 40 748 10700
109432 15 43 575
1973331 39 788 9919
525432 26 214 2951
1640294 38 648 9177
76642 14 19 469
878221 29 195 4089
1125134 33 378 6017
645530 30 244 4525
47407 9 12 129
45432 10 13 175
127210 16 37 696
1551010 31 261 4991
459456 16 21 696
138666 18 91 987
1101825 29 202 4089
97185 15 47 575
540838 7 4 63
430222 24 129 2324
1379553 33 451 6017
1250369 30 262 4525
92444 14 24 469
22124 8 3 92
1515849 34 324 6579
1818861 38 465 9177
2228540 27 220 3303
250074 21 92 1561
14618 7 2 63
506864 27 197 3303
37136 9 8 129
5530 3 0 7
289975 23 84 2047
286419 22 98 1793
383604 24 153 2324
326716 23 117 2047
3555 1 0 1
1976 1 0 1
535308 26 231 2951
46617 12 10 298
229926 18 70 987
100345 15 30 575
41877 11 10 231
6510607 38 520 9177
35556 11 7 231
37531 12 14 298
20148 10 7 175
714271 33 362 6017
375704 25 176 2625
206617 20 130 1350
321580 24 150 2324
997530 36 486 7806
1159109 35 583 7175
16197 7 2 63
511604 30 224 4525
178173 21 113 1561
16352764 37 631 8473
22519 1 0 1
965529 37 489 8473
3235945 37 399 8473
1063505 26 160 2951
11457 6 0 41
4345 3 0 7
523456 25 190 2625
192395 23 62 2047
323556 26 149 2951
48197 15 50 575
1249578 37 501 8473
431801 28 228 3682
4741 1 0 1
34765 11 17 231
63604 14 30 469
273778 25 135 2625
57679 14 21 469
67161 15 32 575
82963 16 54 696
115358 17 42 833
2855896 3 0 7
11852 5 1 25
115357 18 90 987
81778 16 28 696
937480 33 422 6017
104692 18 52 987
96395 13 22 377
6321 5 2 25
3556 4 0 14
678320 36 530 7806
1280788 40 804 10700
24494 10 9 175
56889 10 16 175
303801 25 210 2625
82963 13 18 377
404937 17 54 833
22519 10 3 175
4741 5 0 25
217678 20 98 1350
4740 2 0 3
181333 21 77 1561
1628442 36 488 7806
5136 2 0 3
440098 23 123 2047
112198 18 63 987
75851 16 31 696
371357 28 229 3682
69136 15 29 575
3160 2 0 3
38716 8 6 92
293926 23 131 2047
273382 22 154 1793
6321 4 0 14
3160 4 0 14
580345 34 506 6579
